kinematics:
  shoulder:
    x: 0
    y: 0
    z: 0.18119661853698729
    roll: -0
    pitch: 0
    yaw: -6.4996940224622019e-07
  upper_arm:
    x: 0.00024260709830970021
    y: 0
    z: 0
    roll: 1.5699167423807916
    pitch: 0
    yaw: -1.5931984984618452e-06
  forearm:
    x: -0.47830824297076951
    y: 0
    z: 0
    roll: 0.00014130778162726193
    pitch: -0.00081156413487976965
    yaw: -4.7196399975242954e-06
  wrist_1:
    x: -0.36023386144620434
    y: 0.00069008035997317186
    z: 0.17433004454292159
    roll: 3.1376342036426594
    pitch: 3.1413426744062996
    yaw: -3.1415888544066997
  wrist_2:
    x: -4.3609073132169817e-06
    y: -0.11978727280190674
    z: 0.00015602234135170755
    roll: 1.5694938323856658
    pitch: 0
    yaw: -9.1803082798959585e-07
  wrist_3:
    x: -8.3578849101963445e-06
    y: 0.11555843438890404
    z: 2.1152022655367003e-05
    roll: 1.5709793685826379
    pitch: 3.1415926535897931
    yaw: 3.1415922047706339
  hash: calib_18046961286069307834